((("prefix" .
   [1 0 0 0 0 0])
  ("xmlschema" .
   [1 0 0 0 0 0 0 0 0])
  ("XMLSchema" .
   [0 0 0 0 0 1 0 0 1])
  ("install" .
   [0 0 0 0 0 1 0])
  ("neighbor" .
   [0 0 0 0 0 0 0 1])
  ("only" .
   [1 0 0 0])
  ("/*tasks" .
   [0 0 1 0 0 0 0])
  ("aff" .
   [1 0 0])
  ("comm" .
   [1 0 0 0])
  ("lsh" .
   [0 0 1])
  ("c" .
   [2])
  ("their" .
   [0 0 0 1 0])
  ("load-theme" .
   [0 0 0 0 0 0 0 1 0 0])
  ("textbf" .
   [1 0 0 0 0 0])
  ("quad" .
   [1 0 0 0])
  ("to" .
   [1 0])
  ("do" .
   [1 0])
  ("three" .
   [1 0 0 0 0])
  ("o_i" .
   [1 0 0])))
